BUSES REPORT
======================================================================================================================================== 
   BUS    V (pu)     O (º)     P (MW)     Q (MVAr)      PG (MW)    QG (MVAr)    SG (MVA)    PD (MW)   QD (MVAr)     Psh (MW)   Qsh (MVAr) 
---------------------------------------------------------------------------------------------------------------------------------------- 
    1    0.9821      0.00      193.37       12.35      193.37       12.35      193.77        0.00        0.00        0.00        0.00
    2    1.1000     -2.34      152.03       66.14      152.03       66.14      165.79        0.00        0.00        0.00        0.00
    3    1.1000     -2.35      135.29       48.14      135.29       48.14      143.60        0.00        0.00        0.00        0.00
    4    0.9814     -6.64        0.00        0.00        0.00        0.00        0.00        0.00        0.00        0.00        0.00
    5    0.9585    -12.61     -187.50      -75.00        0.00        0.00        0.00      187.50       75.00        0.00        0.00
    6    0.9829    -10.92     -135.00      -45.00        0.00        0.00        0.00      135.00       45.00        0.00        0.00
    7    1.0659     -6.99        0.00        0.00        0.00        0.00        0.00        0.00        0.00        0.00        0.00
    8    1.0486     -9.79     -150.00      -52.50        0.00        0.00        0.00      150.00       52.50        0.00        0.00
    9    1.0768     -6.19        0.00        0.00        0.00        0.00        0.00        0.00        0.00        0.00        0.00
---------------------------------------------------------------------------------------------------------------------------------------- 
 TOTAL:                                                 480.69      126.63      503.16      472.50      172.50       0.00         0.00
======================================================================================================================================== 

