CIRCUITS REPORT
=============================================================================================================================================== 
  CIRC    FROM    TO      Pik (MW)  Qik (MVAr)   Sik (MVA)   Pki (MW)  Qki (MVAr)    Ski (MVA)  Cap (MVA)    Loading    Ploss (MW)  Qloss (MVAr)
----------------------------------------------------------------------------------------------------------------------------------------------- 
    1      1      4      193.37       12.35      193.77     -193.37      10.07       193.63   250.0000       0.7751        0.000       22.422
    2      2      7      152.03       66.14      165.79     -152.03     -51.94       160.66   250.0000       0.6632        0.000       14.198
    3      3      9      135.29       48.14      143.60     -135.29     -38.16       140.57   300.0000       0.4787        0.000        9.987
    4      4      5      117.46       10.18      117.90     -115.99     -14.26       116.86   250.0000       0.4716        1.469       -4.078
    5      4      6       75.91      -20.25       78.57      -74.87      10.67        75.63   250.0000       0.3143        1.045       -9.583
    6      5      7      -71.51      -60.74       93.82       74.05      42.08        85.17   250.0000       0.3753        2.540      -18.660
    7      6      9      -60.13      -55.67       81.94       62.19      26.58        67.63   150.0000       0.5463        2.054      -29.090
    8      7      8       77.98        9.86       78.60      -77.50     -22.45        80.69   250.0000       0.3227        0.480      -12.590
    9      8      9      -72.50      -30.05       78.48       73.11      11.57        74.02   150.0000       0.5232        0.606      -18.471
----------------------------------------------------------------------------------------------------------------------------------------------- 
 TOTAL:                                                                                                                     8.194      -45.865
=============================================================================================================================================== 
